1.00000000e-03 6.00211177e+01
1.10100000e-03 7.79405080e+01
1.21300000e-03 7.25149994e+01
1.33500000e-03 8.31326333e+01
1.47000000e-03 9.33310349e+01
1.61900000e-03 9.38951168e+01
1.78300000e-03 1.04058051e+02
1.96300000e-03 1.08873604e+02
2.16200000e-03 1.24635551e+02
2.38100000e-03 1.32015663e+02
2.62200000e-03 1.47148063e+02
2.88700000e-03 1.66314613e+02
3.17900000e-03 1.81172425e+02
3.50100000e-03 1.86478643e+02
3.85500000e-03 2.03472295e+02
4.24500000e-03 2.19720746e+02
4.67500000e-03 2.62179411e+02
5.14800000e-03 2.69560047e+02
5.66900000e-03 3.09661443e+02
6.24200000e-03 3.24846790e+02
6.87400000e-03 3.58667006e+02
7.56900000e-03 4.14959786e+02
8.33500000e-03 4.45917853e+02
9.17900000e-03 4.95130248e+02
1.01100000e-02 5.30212144e+02
1.11300000e-02 5.88161017e+02
1.22600000e-02 6.06754770e+02
1.35000000e-02 6.74658529e+02
1.48600000e-02 7.62318763e+02
1.63700000e-02 8.38050022e+02
1.80200000e-02 8.72432939e+02
1.98500000e-02 9.48455365e+02
2.18500000e-02 1.06531473e+03
2.40600000e-02 1.17135661e+03
2.65000000e-02 1.24882348e+03
2.91800000e-02 1.34953883e+03
3.21300000e-02 1.41993901e+03
3.53900000e-02 1.61270085e+03
3.89700000e-02 1.70996728e+03
4.29100000e-02 1.83250134e+03
4.72500000e-02 2.05106161e+03
5.20300000e-02 2.12488326e+03
5.73000000e-02 2.29172438e+03
6.30900000e-02 2.53369146e+03
6.94800000e-02 2.58575109e+03
7.65100000e-02 2.66750732e+03
8.42500000e-02 2.82306159e+03
9.27700000e-02 3.00374095e+03
1.02200000e-01 3.19302865e+03
1.12500000e-01 3.32707158e+03
1.23900000e-01 3.43956677e+03
1.36400000e-01 3.64400429e+03
1.50200000e-01 3.72048617e+03
1.65400000e-01 3.80821946e+03
1.82200000e-01 3.80597078e+03
2.00600000e-01 3.86440275e+03
2.20900000e-01 3.89445750e+03
2.43200000e-01 3.91930987e+03
2.67800000e-01 3.90581393e+03
2.94900000e-01 3.86402850e+03
3.24800000e-01 3.77855936e+03
3.57700000e-01 3.72426457e+03
3.93800000e-01 3.59191369e+03
4.33700000e-01 3.43676101e+03
4.77600000e-01 3.25668790e+03
5.25900000e-01 3.05001300e+03
5.79100000e-01 2.89914645e+03
6.37700000e-01 2.72606163e+03
7.02200000e-01 2.52313731e+03
7.73300000e-01 2.29331425e+03
8.51500000e-01 2.11035202e+03
9.37700000e-01 1.92161955e+03
1.03300000e+00 1.76578612e+03
1.13700000e+00 1.54797990e+03
1.25200000e+00 1.36807865e+03
1.37900000e+00 1.18536564e+03
1.51800000e+00 1.03884675e+03
1.67200000e+00 8.99071317e+02
1.84100000e+00 7.71113677e+02
2.02700000e+00 6.60105088e+02
2.23300000e+00 5.59800246e+02
2.45800000e+00 4.68575737e+02
2.70700000e+00 3.97759501e+02
2.98100000e+00 3.35286913e+02
3.28300000e+00 2.82258682e+02
3.61500000e+00 2.40365289e+02
3.98100000e+00 1.99790943e+02
4.38400000e+00 1.66122423e+02
4.82700000e+00 1.37088771e+02
5.31500000e+00 1.12123454e+02
5.85300000e+00 9.16323174e+01
6.44600000e+00 7.38516627e+01
7.09800000e+00 5.91431886e+01
7.81600000e+00 4.71193271e+01
8.60700000e+00 3.72935844e+01
9.47800000e+00 2.92517782e+01
1.04400000e+01 2.28850674e+01
1.14900000e+01 1.78244209e+01
1.26600000e+01 1.38370000e+01
1.39400000e+01 1.06991824e+01
1.53500000e+01 8.25780000e+00
1.69000000e+01 6.35800000e+00
1.86100000e+01 4.88670000e+00
2.04900000e+01 3.75060000e+00
2.25700000e+01 2.87540000e+00
2.48500000e+01 2.20230000e+00
2.73600000e+01 1.68560000e+00
3.01300000e+01 1.28930000e+00
3.31800000e+01 9.85730000e-01
3.65400000e+01 7.53310000e-01
4.02300000e+01 5.75480000e-01
4.43100000e+01 4.39500000e-01
4.87900000e+01 3.35550000e-01
5.37300000e+01 2.56130000e-01
5.91600000e+01 1.95460000e-01
6.51500000e+01 1.49130000e-01
7.17400000e+01 1.13770000e-01
7.90000000e+01 8.67740000e-02
8.69900000e+01 6.61780000e-02
9.58000000e+01 5.04650000e-02
1.05500000e+02 3.84800000e-02
1.16200000e+02 2.93400000e-02
1.27900000e+02 2.23710000e-02
1.40900000e+02 1.70590000e-02
1.55100000e+02 1.30100000e-02
1.70800000e+02 9.92500000e-03
1.88100000e+02 7.57400000e-03
2.07100000e+02 5.78250000e-03
2.28100000e+02 4.41760000e-03
2.51200000e+02 3.37740000e-03
2.76600000e+02 2.58470000e-03
3.04600000e+02 1.98030000e-03
3.35400000e+02 1.51920000e-03
3.69300000e+02 1.16720000e-03
4.06700000e+02 8.98120000e-04
4.47800000e+02 6.92200000e-04
4.93100000e+02 5.34340000e-04
5.43000000e+02 4.13110000e-04
5.98000000e+02 3.19820000e-04
6.58500000e+02 2.47900000e-04
7.25100000e+02 1.92350000e-04
7.98500000e+02 1.49380000e-04
8.79300000e+02 1.16090000e-04
9.68200000e+02 9.02670000e-05
1.06600000e+03 7.02190000e-05
1.17400000e+03 5.46400000e-05
1.29300000e+03 4.25280000e-05
1.42400000e+03 3.31060000e-05
1.56800000e+03 2.57740000e-05
1.72600000e+03 2.00670000e-05
1.90100000e+03 1.56240000e-05
2.09300000e+03 1.21640000e-05
2.30500000e+03 9.47070000e-06
2.53900000e+03 7.37300000e-06
2.79500000e+03 5.73940000e-06
3.07800000e+03 4.46730000e-06
3.39000000e+03 3.47670000e-06
3.73300000e+03 2.70530000e-06
4.11000000e+03 2.10470000e-06
4.52600000e+03 1.63700000e-06
4.98400000e+03 1.27300000e-06
5.48900000e+03 9.89570000e-07
6.04400000e+03 7.69010000e-07
6.65600000e+03 5.97370000e-07
7.32900000e+03 4.63830000e-07
8.07100000e+03 3.59950000e-07
8.88700000e+03 2.79180000e-07
9.78600000e+03 2.16400000e-07
1.07800000e+04 1.67620000e-07
1.18700000e+04 1.29740000e-07
1.30700000e+04 1.00330000e-07
1.43900000e+04 7.75300000e-08
1.58500000e+04 5.98580000e-08
1.74500000e+04 4.61730000e-08
1.92200000e+04 3.55870000e-08
2.11600000e+04 2.74040000e-08
2.33000000e+04 2.10860000e-08
2.56600000e+04 1.62130000e-08
2.82500000e+04 1.24570000e-08
3.11100000e+04 9.56480000e-09
3.42600000e+04 7.34010000e-09
3.77300000e+04 5.62990000e-09
4.15500000e+04 4.31630000e-09
4.57500000e+04 3.30790000e-09
5.03800000e+04 2.53420000e-09
5.54800000e+04 1.94090000e-09
6.10900000e+04 1.48610000e-09
6.72700000e+04 1.13770000e-09
7.40800000e+04 8.70790000e-10
8.15700000e+04 6.66390000e-10
8.98300000e+04 5.09910000e-10
9.89200000e+04 3.90130000e-10
1.08900000e+05 2.98460000e-10
1.19900000e+05 2.28310000e-10
1.32100000e+05 1.74640000e-10
1.45400000e+05 1.33580000e-10
1.60200000e+05 1.02170000e-10
1.76400000e+05 7.81390000e-11
1.94200000e+05 5.97590000e-11
2.13900000e+05 4.57010000e-11
2.35500000e+05 3.49500000e-11
2.59300000e+05 2.67270000e-11
2.85600000e+05 2.04380000e-11
3.14500000e+05 1.56290000e-11
3.46300000e+05 1.19510000e-11
3.81300000e+05 9.13880000e-12
4.19900000e+05 6.98810000e-12
4.62400000e+05 5.34350000e-12
5.09200000e+05 4.08590000e-12
5.60700000e+05 3.12420000e-12
6.17500000e+05 2.38880000e-12
6.79900000e+05 1.82650000e-12
7.48700000e+05 1.39650000e-12
8.24500000e+05 1.06780000e-12
9.07900000e+05 8.16300000e-13
9.99800000e+05 6.15390000e-13
