# E F
1.00000000e-03 6.88009569e+01
1.10100000e-03 7.00553220e+01
1.21300000e-03 7.16603350e+01
1.33500000e-03 8.51948863e+01
1.47000000e-03 9.15131919e+01
1.61900000e-03 1.00717009e+02
1.78300000e-03 9.24432519e+01
1.96300000e-03 1.19094787e+02
2.16200000e-03 1.24724032e+02
2.38100000e-03 1.28882549e+02
2.62200000e-03 1.39033333e+02
2.88700000e-03 1.54530505e+02
3.17900000e-03 1.85485712e+02
3.50100000e-03 1.81517077e+02
3.85500000e-03 2.16234449e+02
4.24500000e-03 2.24304885e+02
4.67500000e-03 2.54509562e+02
5.14800000e-03 2.96833172e+02
5.66900000e-03 3.26182652e+02
6.24200000e-03 3.31441204e+02
6.87400000e-03 3.54276367e+02
7.56900000e-03 4.09748518e+02
8.33500000e-03 4.51820685e+02
9.17900000e-03 4.91484256e+02
1.01100000e-02 5.38757399e+02
1.11300000e-02 5.37893366e+02
1.22600000e-02 6.23330793e+02
1.35000000e-02 7.26402835e+02
1.48600000e-02 7.87165383e+02
1.63700000e-02 8.42108681e+02
1.80200000e-02 9.38731943e+02
1.98500000e-02 9.52701924e+02
2.18500000e-02 1.00209249e+03
2.40600000e-02 1.17119825e+03
2.65000000e-02 1.25309660e+03
2.91800000e-02 1.41366921e+03
3.21300000e-02 1.42496646e+03
3.53900000e-02 1.64929350e+03
3.89700000e-02 1.70997199e+03
4.29100000e-02 1.67356521e+03
4.72500000e-02 1.97677724e+03
5.20300000e-02 2.06663024e+03
5.73000000e-02 2.33210325e+03
6.30900000e-02 2.48684178e+03
6.94800000e-02 2.44596252e+03
7.65100000e-02 2.76010230e+03
8.42500000e-02 2.92548917e+03
9.27700000e-02 3.05394058e+03
1.02200000e-01 3.17864433e+03
1.12500000e-01 3.30091225e+03
1.23900000e-01 3.26163263e+03
1.36400000e-01 3.55023484e+03
1.50200000e-01 3.65592831e+03
1.65400000e-01 3.80418358e+03
1.82200000e-01 3.82101247e+03
2.00600000e-01 4.09242071e+03
2.20900000e-01 4.08110217e+03
2.43200000e-01 3.99332993e+03
2.67800000e-01 3.93330627e+03
2.94900000e-01 3.89346264e+03
3.24800000e-01 3.74445170e+03
3.57700000e-01 3.70427213e+03
3.93800000e-01 3.64932417e+03
4.33700000e-01 3.48109540e+03
4.77600000e-01 3.30150667e+03
5.25900000e-01 3.07740705e+03
5.79100000e-01 2.90086310e+03
6.37700000e-01 2.67796988e+03
7.02200000e-01 2.54608945e+03
7.73300000e-01 2.29727338e+03
8.51500000e-01 2.10858117e+03
9.37700000e-01 1.92280456e+03
1.03300000e+00 1.73007833e+03
1.13700000e+00 1.53446871e+03
1.25200000e+00 1.34744202e+03
1.37900000e+00 1.20277325e+03
1.51800000e+00 1.04930077e+03
1.67200000e+00 9.01305057e+02
1.84100000e+00 7.71414504e+02
2.02700000e+00 6.44138509e+02
2.23300000e+00 5.59403934e+02
2.45800000e+00 4.70819874e+02
2.70700000e+00 3.92392788e+02
2.98100000e+00 3.30761048e+02
3.28300000e+00 2.84328659e+02
3.61500000e+00 2.41188063e+02
3.98100000e+00 2.00635553e+02
4.38400000e+00 1.64913423e+02
4.82700000e+00 1.38780301e+02
5.31500000e+00 1.13485151e+02
5.85300000e+00 9.24377026e+01
6.44600000e+00 7.40765737e+01
7.09800000e+00 5.92436318e+01
7.81600000e+00 4.70871750e+01
8.60700000e+00 3.72423766e+01
9.47800000e+00 2.92517782e+01
1.04400000e+01 2.28691011e+01
1.14900000e+01 1.77992627e+01
1.26600000e+01 1.38271932e+01
1.39400000e+01 1.07030000e+01
1.53500000e+01 8.25780000e+00
1.69000000e+01 6.35800000e+00
1.86100000e+01 4.88670000e+00
2.04900000e+01 3.75060000e+00
2.25700000e+01 2.87540000e+00
2.48500000e+01 2.20230000e+00
2.73600000e+01 1.68560000e+00
3.01300000e+01 1.28930000e+00
3.31800000e+01 9.85730000e-01
3.65400000e+01 7.53310000e-01
4.02300000e+01 5.75480000e-01
4.43100000e+01 4.39500000e-01
4.87900000e+01 3.35550000e-01
5.37300000e+01 2.56130000e-01
5.91600000e+01 1.95460000e-01
6.51500000e+01 1.49130000e-01
7.17400000e+01 1.13770000e-01
7.90000000e+01 8.67740000e-02
8.69900000e+01 6.61780000e-02
9.58000000e+01 5.04650000e-02
1.05500000e+02 3.84800000e-02
1.16200000e+02 2.93400000e-02
1.27900000e+02 2.23710000e-02
1.40900000e+02 1.70590000e-02
1.55100000e+02 1.30100000e-02
1.70800000e+02 9.92500000e-03
1.88100000e+02 7.57400000e-03
2.07100000e+02 5.78250000e-03
2.28100000e+02 4.41760000e-03
2.51200000e+02 3.37740000e-03
2.76600000e+02 2.58470000e-03
3.04600000e+02 1.98030000e-03
3.35400000e+02 1.51920000e-03
3.69300000e+02 1.16720000e-03
4.06700000e+02 8.98120000e-04
4.47800000e+02 6.92200000e-04
4.93100000e+02 5.34340000e-04
5.43000000e+02 4.13110000e-04
5.98000000e+02 3.19820000e-04
6.58500000e+02 2.47900000e-04
7.25100000e+02 1.92350000e-04
7.98500000e+02 1.49380000e-04
8.79300000e+02 1.16090000e-04
9.68200000e+02 9.02670000e-05
1.06600000e+03 7.02190000e-05
1.17400000e+03 5.46400000e-05
1.29300000e+03 4.25280000e-05
1.42400000e+03 3.31060000e-05
1.56800000e+03 2.57740000e-05
1.72600000e+03 2.00670000e-05
1.90100000e+03 1.56240000e-05
2.09300000e+03 1.21640000e-05
2.30500000e+03 9.47070000e-06
2.53900000e+03 7.37300000e-06
2.79500000e+03 5.73940000e-06
3.07800000e+03 4.46730000e-06
3.39000000e+03 3.47670000e-06
3.73300000e+03 2.70530000e-06
4.11000000e+03 2.10470000e-06
4.52600000e+03 1.63700000e-06
4.98400000e+03 1.27300000e-06
5.48900000e+03 9.89570000e-07
6.04400000e+03 7.69010000e-07
6.65600000e+03 5.97370000e-07
7.32900000e+03 4.63830000e-07
8.07100000e+03 3.59950000e-07
8.88700000e+03 2.79180000e-07
9.78600000e+03 2.16400000e-07
1.07800000e+04 1.67620000e-07
1.18700000e+04 1.29740000e-07
1.30700000e+04 1.00330000e-07
1.43900000e+04 7.75300000e-08
1.58500000e+04 5.98580000e-08
1.74500000e+04 4.61730000e-08
1.92200000e+04 3.55870000e-08
2.11600000e+04 2.74040000e-08
2.33000000e+04 2.10860000e-08
2.56600000e+04 1.62130000e-08
2.82500000e+04 1.24570000e-08
3.11100000e+04 9.56480000e-09
3.42600000e+04 7.34010000e-09
3.77300000e+04 5.62990000e-09
4.15500000e+04 4.31630000e-09
4.57500000e+04 3.30790000e-09
5.03800000e+04 2.53420000e-09
5.54800000e+04 1.94090000e-09
6.10900000e+04 1.48610000e-09
6.72700000e+04 1.13770000e-09
7.40800000e+04 8.70790000e-10
8.15700000e+04 6.66390000e-10
8.98300000e+04 5.09910000e-10
9.89200000e+04 3.90130000e-10
1.08900000e+05 2.98460000e-10
1.19900000e+05 2.28310000e-10
1.32100000e+05 1.74640000e-10
1.45400000e+05 1.33580000e-10
1.60200000e+05 1.02170000e-10
1.76400000e+05 7.81390000e-11
1.94200000e+05 5.97590000e-11
2.13900000e+05 4.57010000e-11
2.35500000e+05 3.49500000e-11
2.59300000e+05 2.67270000e-11
2.85600000e+05 2.04380000e-11
3.14500000e+05 1.56290000e-11
3.46300000e+05 1.19510000e-11
3.81300000e+05 9.13880000e-12
4.19900000e+05 6.98810000e-12
4.62400000e+05 5.34350000e-12
5.09200000e+05 4.08590000e-12
5.60700000e+05 3.12420000e-12
6.17500000e+05 2.38880000e-12
6.79900000e+05 1.82650000e-12
7.48700000e+05 1.39650000e-12
8.24500000e+05 1.06780000e-12
9.07900000e+05 8.16300000e-13
9.99800000e+05 6.15390000e-13
